20066
20136
20137
20146
20211
20216
20217
20221
20235
20236
20241
20244
20246
20269
20402
20439
20555
20563
20564
20565
20566
20567
20568
20569
20570
20572
20573
20574
20575
20579
20583
20584
20585
20586
20587
20588
20589
20590
20591
20592
20593
20594
20595
20596
20597
20598
20599
20603
20604
20620
20621
20622
20623
20624
20625
20626
20628
20629
20631
20634
20636
20643
20645
20646
20647
20651
20652
20655
20656
20657
20658
20662
20663
20664
20665
20666
20667
20669
20670
20671
20672
20673
20674
20676
20678
20683
20685
20751
20753
20754
20758
20760
20762
20767
20768
20771
20773
20785
20792
20798
20799
20800
20810
20811
20813
20814
20815
20817
20819
20822
20824
20825
20829
20832
20859
20860
20933
20937
20938
20939
20941
20942
20945
20946
20947
20950
20951
20952
20953
20954
20957
20959
20960
20963
20964
20966
20967
20970
20971
20972
20973
20974
20975
20976
20977
20978
20980
20981
20982
20984
20985
20995
20997
20998
21001
21002
21003
21004
21005
21006
21008
21009
21019
21020
21022
21036
21038
21040
21060
21063
21064
21068
21069
21071
21072
21074
21075
21076
21077
21078
21079
21080
21081
21083
21084
21085
21087
21088
21089
21092
21106
21108
21109
21110
21111
21113
21114
21115
21116
21127
21144
21146
21149
21150
21151
21152
21153
21154
21157
21159
21160
21161
21163
21164
21165
21166
21184
21185
21187
21193
21206
21218
21219
21221
21223
21224
21225
21226
21227
21228
21229
21230
21243
21244
21245
21248
21249
21250
21252
21253
21254
21255
21259
21261
21262
21263
21264
21274
21275
21276
21278
21279
21280
21281
21282
21283
21284
21285
21286
21287
21288
21290
21291
21292
21293
21294
21295
21296
21297
21299
21300
21303
21304
21305
21306
21307
21308
21309
21310
21311
21312
21316
21317
21318
21319
21320
21321
21324
21325
21326
21327
21328
21329
21330
21331
21332
21333
21335
21336
21337
21338
21339
21340
21341
21342
21343
21344
21345
21346
21348
21350
21351
21353
21354
21355
21356
21357
21358
21360
21361
21363
21364
21365
21366
21367
21368
21369
21370
21372
21373
21379
21380
21382
21383
21384
21385
21386
21391
21392
21393
21394
21397
21399
21400
21402
21404
21408
21409
21410
21411
21413
21414
21415
21416
21418
21420
21421
21422
21423
21425
21426
21427
21428
21430
21431
21435
21443
21444
21445
21446
21447
21449
21451
21470
21510
21511
21514
21515
21520
21521
21522
21523
21524
21525
21526
21527
21535
21536
21540
21541
21549
21550
21551
21552
21553
21554
21556
21557
21559
21560
21565
21566
21567
21572
21573
21574
21575
21576
21577
21578
21579
21580
21581
21582
21583
21584
21585
21586
21588
21589
21590
21591
21593
21596
21598
21599
21600
21601
21602
21603
21610
21647
21649
21651
21654
21656
21657
21658
21685
21687
21690
21695
21696
21697
21703
21704
21705
21707
21708
21709
21710
21711
21712
21714
21716
21717
21718
21723
21724
21725
21726
21727
21728
21730
21731
21734
21737
21738
21741
21745
21746
21747
21748
21750
21751
21755
21756
21758
21761
21763
21764
21765
21767
21769
21771
21772
21774
21775
21776
21778
21779
21780
21781
21782
21783
21784
21786
21788
21789
21790
21791
21794
21795
21798
21799
21800
21807
21809
21810
21811
21812
21813
21814
21815
21816
21817
21818
21819
21821
21823
22002
22030
22034
22037
22038
22040
22041
22046
22047
22048
22049
22050
22055
22057
22060
22062
22079
22080
22082
22084
22086
22087
22088
22089
22090
22091
22092
22094
22095
22096
22098
22105
22106
22107
22111
22112
22113
22114
22115
22116
22118
22119
22120
22123
22124
22125
22126
22128
22129
22130
22131
22142
22143
22146
22147
22148
22149
22150
22151
22152
22153
22155
22156
22157
22159
22162
22163
22165
22168
22171
22172
22196
22197
22198
22199
22200
22201
22202
22203
22204
22205
22208
22209
22210
22211
22212
22213
22215
22216
22217
22218
22219
22220
22221
22222
22223
22224
22225
22226
22227
25035
25041
25057
25073
25092
25099
25109
25163
25169
25173
25198
25199
25202
25220
25223
25233
25235
25248
25252
25269
25296
25325
25328
25337
25385
25391
25447
25453
25470
29001
29006
29014
29019
29022
29028
29047
